2113	A25	0	0	2	2
1	RA740	0	0	2	2
2115	A37	0	0	2	2
2116	RA477	0	0	2	2
2	RA756	0	0	2	2
2117	839	0	0	1	1
2118	A26	0	0	2	2
3	RA742	0	0	2	2
2119	A38	0	0	2	2
4	RA757	0	0	1	2
1465	RA1696	0	0	2	2
2121	A27	0	0	2	2
5	RA744	0	0	2	2
1466	RA1718	0	0	2	2
2123	A39	0	0	2	2
6	RA758	0	0	2	2
1467	RA1702	0	0	2	2
2125	A28	0	0	2	2
7	RA746	0	0	2	2
1468	RA1720	0	0	2	2
2127	A40	0	0	1	2
8	RA759	0	0	2	2
1469	RA1706	0	0	2	2
2129	A29	0	0	2	2
9	RA747	0	0	2	2
1470	RA1727	0	0	1	2
2131	A41	0	0	1	2
10	RA760	0	0	2	2
1471	RA1707	0	0	2	2
1611	1104	0	0	2	1
2134	A30	0	0	2	2
11	RA748	0	0	2	2
2135	A42	0	0	2	2
12	RA761	0	0	2	2
1610	1131	0	0	2	1
2138	A31	0	0	2	2
13	RA749	0	0	2	2
2139	A43	0	0	2	2
14	RA762	0	0	2	2
1708	RA1478	0	0	2	2
2141	A32	0	0	2	2
15	RA750	0	0	2	2
2142	RA1579	0	0	2	2
2143	A44	0	0	2	2
16	RA763	0	0	2	2
1710	RA1480	0	0	2	2
2145	A33	0	0	2	2
17	RA751	0	0	2	2
2146	RA1580	0	0	2	2
697	147	0	0	2	1
2148	A45	0	0	2	2
18	RA764	0	0	2	2
2149	A34	0	0	2	2
2150	RA1583	0	0	2	2
2151	434	0	0	2	1
2152	A46	0	0	2	2
20	RA765	0	0	2	2
2153	A35	0	0	2	2
21	RA754	0	0	2	2
2154	RA1585	0	0	2	2
1753	251	0	0	2	1
2156	A47	0	0	2	2
22	RA766	0	0	2	2
2157	A36	0	0	2	2
23	RA755	0	0	2	2
2158	RA1586	0	0	2	2
1754	287	0	0	2	1
2160	A48	0	0	2	2
24	RA767	0	0	2	2
2161	A49	0	0	2	2
25	RA1221	0	0	2	2
2162	RA1587	0	0	2	2
1609	1102	0	0	2	1
26	RA1238	0	0	1	2
2164	A50	0	0	2	2
27	RA1222	0	0	2	2
2165	RA1589	0	0	2	2
28	RA1239	0	0	2	2
1705	RA1445	0	0	2	2
2167	A51	0	0	2	2
29	RA1223	0	0	2	2
1707	RA1446	0	0	2	2
30	RA1240	0	0	2	2
1709	RA1449	0	0	2	2
2170	A52	0	0	2	2
31	RA1224	0	0	1	2
2171	RA1576	0	0	2	2
32	RA1241	0	0	1	2
2172	RA1577	0	0	2	2
2173	A53	0	0	2	2
33	RA1225	0	0	2	2
2174	RA1578	0	0	2	2
1825	1619	0	0	1	1
34	RA1243	0	0	2	2
2176	A54	0	0	2	2
146	RA252	0	0	2	2
35	RA1229	0	0	2	2
1827	1987	0	0	2	1
36	RA1246	0	0	2	2
2179	A55	0	0	2	2
148	RA253	0	0	1	2
37	RA1230	0	0	2	2
1829	1990	0	0	2	1
38	RA1247	0	0	2	2
2182	A56	0	0	2	2
2183	RA254	0	0	2	2
39	RA1231	0	0	2	2
145	RA239	0	0	1	2
40	RA1248	0	0	1	2
2185	RA255	0	0	2	2
41	RA1232	0	0	2	2
2186	RA467	0	0	2	2
42	RA1250	0	0	2	2
154	RA256	0	0	2	2
43	RA1235	0	0	1	2
1782	RA468	0	0	2	2
44	RA1251	0	0	2	2
1116	RA377	0	0	2	2
45	RA1236	0	0	1	2
1788	RA473	0	0	1	2
46	RA1252	0	0	1	2
1227	RA949	0	0	1	2
47	RA1237	0	0	2	2
2192	RA478	0	0	2	2
48	RA1253	0	0	2	2
49	RA85	0	0	2	2
1226	RA976	0	0	2	2
2195	A13	0	0	2	2
50	RA101	0	0	2	2
673	RA515	0	0	1	2
2197	A2	0	0	2	2
51	RA87	0	0	1	2
1228	RA978	0	0	1	2
2199	A14	0	0	2	2
52	RA102	0	0	2	2
674	RA529	0	0	2	2
2201	A3	0	0	2	2
53	RA88	0	0	2	2
1124	RA384	0	0	2	2
2203	A15	0	0	2	2
54	RA103	0	0	1	2
380	RA805	0	0	1	2
2205	A4	0	0	2	2
55	RA89	0	0	1	2
1230	RA981	0	0	2	2
2207	A16	0	0	2	2
56	RA104	0	0	2	2
1225	RA948	0	0	1	2
1826	2977	0	0	2	1
2210	A5	0	0	2	2
57	RA90	0	0	1	2
2211	A17	0	0	2	2
58	RA105	0	0	2	2
2212	A6	0	0	2	2
59	RA91	0	0	2	2
2213	A18	0	0	2	2
60	RA106	0	0	2	2
2214	A7	0	0	2	2
61	RA92	0	0	2	2
2215	A19	0	0	2	2
62	RA109	0	0	2	2
2216	A8	0	0	2	2
63	RA94	0	0	2	2
2217	A20	0	0	2	2
64	RA110	0	0	2	2
2218	A9	0	0	2	2
65	RA96	0	0	2	2
2219	A21	0	0	2	2
66	RA112	0	0	1	2
2220	A10	0	0	2	2
67	RA97	0	0	2	2
2221	A22	0	0	2	2
68	RA115	0	0	2	2
2222	A11	0	0	2	2
69	RA99	0	0	2	2
2223	A23	0	0	1	2
70	RA116	0	0	2	2
2224	A12	0	0	2	2
71	RA100	0	0	2	2
2225	A24	0	0	2	2
72	RA121	0	0	2	2
73	2267	0	0	2	1
74	2313	0	0	2	1
75	2274	0	0	2	1
76	2314	0	0	2	1
77	2292	0	0	2	1
78	2318	0	0	2	1
79	2293	0	0	2	1
80	2319	0	0	2	1
81	2296	0	0	1	1
82	2322	0	0	1	1
83	2298	0	0	2	1
84	2324	0	0	2	1
85	2299	0	0	2	1
86	2325	0	0	1	1
87	2300	0	0	2	1
88	2326	0	0	2	1
89	2302	0	0	2	1
90	2332	0	0	1	1
91	2303	0	0	2	1
92	2333	0	0	2	1
93	2306	0	0	2	1
94	2337	0	0	1	1
95	2311	0	0	1	1
96	2338	0	0	1	1
97	RA582	0	0	2	2
98	RA604	0	0	2	2
99	RA584	0	0	2	2
100	RA605	0	0	2	2
101	RA585	0	0	1	2
102	RA609	0	0	2	2
103	RA586	0	0	2	2
104	RA610	0	0	1	2
105	RA587	0	0	2	2
106	RA611	0	0	2	2
107	RA589	0	0	1	2
108	RA612	0	0	2	2
109	RA590	0	0	1	2
110	RA613	0	0	2	2
111	RA594	0	0	2	2
112	RA614	0	0	1	2
113	RA597	0	0	2	2
114	RA615	0	0	2	2
115	RA598	0	0	2	2
116	RA616	0	0	1	2
117	RA599	0	0	2	2
118	RA617	0	0	2	2
119	RA602	0	0	2	2
120	RA618	0	0	2	2
121	2221	0	0	2	1
122	2240	0	0	2	1
123	2223	0	0	1	1
124	2241	0	0	2	1
125	2225	0	0	2	1
126	2243	0	0	2	1
127	2226	0	0	2	1
128	2247	0	0	2	1
129	2227	0	0	2	1
130	2248	0	0	2	1
131	2228	0	0	2	1
132	2249	0	0	1	1
133	2229	0	0	2	1
134	2251	0	0	2	1
135	2230	0	0	2	1
136	2252	0	0	2	1
137	2234	0	0	2	1
138	2256	0	0	2	1
139	2236	0	0	2	1
140	2257	0	0	2	1
141	2237	0	0	2	1
142	2260	0	0	2	1
143	2239	0	0	1	1
144	2261	0	0	2	1
145	RA239	0	0	1	2
146	RA252	0	0	2	2
147	RA240	0	0	2	2
148	RA253	0	0	1	2
149	RA241	0	0	2	2
2183	RA254	0	0	2	2
151	RA242	0	0	2	2
2185	RA255	0	0	2	2
153	RA243	0	0	2	2
154	RA256	0	0	2	2
155	RA244	0	0	2	2
156	RA257	0	0	2	2
157	RA246	0	0	2	2
158	RA258	0	0	2	2
159	RA247	0	0	2	2
160	RA259	0	0	1	2
161	RA248	0	0	2	2
162	RA260	0	0	2	2
163	RA249	0	0	2	2
164	RA261	0	0	2	2
165	RA250	0	0	2	2
166	RA262	0	0	2	2
167	RA251	0	0	1	2
168	RA263	0	0	2	2
169	RA297	0	0	2	2
170	RA310	0	0	2	2
171	RA298	0	0	2	2
172	RA311	0	0	2	2
173	RA299	0	0	2	2
174	RA312	0	0	1	2
175	RA300	0	0	2	2
176	RA313	0	0	2	2
177	RA301	0	0	2	2
178	RA314	0	0	2	2
179	RA303	0	0	2	2
180	RA317	0	0	2	2
181	RA304	0	0	1	2
182	RA318	0	0	1	2
183	RA305	0	0	2	2
184	RA319	0	0	2	2
185	RA306	0	0	2	2
186	RA320	0	0	2	2
187	RA307	0	0	2	2
188	RA322	0	0	2	2
189	RA308	0	0	2	2
190	RA323	0	0	2	2
191	RA309	0	0	2	2
192	RA324	0	0	2	2
193	RA1648	0	0	2	2
194	RA1670	0	0	1	2
195	RA1649	0	0	1	2
196	RA1671	0	0	2	2
197	RA1653	0	0	2	2
198	RA1672	0	0	2	2
199	RA1656	0	0	2	2
200	RA1674	0	0	1	2
201	RA1658	0	0	2	2
202	RA1677	0	0	2	2
203	RA1659	0	0	2	2
204	RA1680	0	0	2	2
205	RA1660	0	0	2	2
206	RA1682	0	0	2	2
207	RA1661	0	0	2	2
208	RA1683	0	0	1	2
209	RA1662	0	0	2	2
210	RA1690	0	0	2	2
212	RA1692	0	0	2	2
213	RA1665	0	0	2	2
214	RA1693	0	0	2	2
215	RA1667	0	0	2	2
216	RA1695	0	0	1	2
217	921	0	0	2	1
218	992	0	0	2	1
219	922	0	0	2	1
220	997	0	0	2	1
221	923	0	0	2	1
222	998	0	0	2	1
223	940	0	0	2	1
224	999	0	0	1	1
225	928	0	0	1	1
226	1000	0	0	2	1
227	944	0	0	2	1
228	1001	0	0	1	1
229	950	0	0	2	1
230	1008	0	0	2	1
231	956	0	0	1	1
232	1010	0	0	2	1
233	957	0	0	2	1
234	1016	0	0	2	1
235	970	0	0	2	1
236	1021	0	0	2	1
237	982	0	0	2	1
238	1022	0	0	1	1
239	991	0	0	1	1
240	1025	0	0	2	1
241	416	0	0	2	1
242	442	0	0	2	1
243	418	0	0	2	1
245	419	0	0	2	1
246	444	0	0	2	1
247	423	0	0	2	1
248	447	0	0	2	1
249	425	0	0	2	1
250	450	0	0	2	1
251	426	0	0	1	1
252	457	0	0	2	1
253	427	0	0	1	1
254	475	0	0	2	1
255	429	0	0	1	1
256	478	0	0	1	1
2151	434	0	0	2	1
258	479	0	0	2	1
259	435	0	0	2	1
260	481	0	0	1	1
261	437	0	0	2	1
262	483	0	0	1	1
263	438	0	0	1	1
264	486	0	0	1	1
265	2524	0	0	2	1
266	2554	0	0	2	1
267	2526	0	0	2	1
268	2557	0	0	2	1
269	2527	0	0	2	1
270	2559	0	0	1	1
271	2529	0	0	2	1
272	2560	0	0	2	1
273	2532	0	0	2	1
274	2561	0	0	1	1
275	2534	0	0	2	1
276	2562	0	0	1	1
277	2535	0	0	1	1
278	2563	0	0	2	1
279	2541	0	0	2	1
280	2565	0	0	1	1
281	2542	0	0	2	1
282	2566	0	0	1	1
283	2544	0	0	2	1
284	2568	0	0	2	1
285	2548	0	0	2	1
286	2569	0	0	1	1
287	2553	0	0	1	1
288	2570	0	0	2	1
289	RA388	0	0	1	2
290	RA404	0	0	2	2
291	RA389	0	0	2	2
292	RA405	0	0	2	2
293	RA391	0	0	2	2
294	RA406	0	0	1	2
295	RA392	0	0	2	2
296	RA408	0	0	2	2
297	RA393	0	0	2	2
298	RA413	0	0	2	2
299	RA394	0	0	2	2
300	RA414	0	0	2	2
301	RA395	0	0	2	2
302	RA415	0	0	2	2
303	RA396	0	0	2	2
304	RA416	0	0	2	2
305	RA398	0	0	1	2
306	RA417	0	0	1	2
307	RA401	0	0	2	2
308	RA418	0	0	2	2
310	RA419	0	0	2	2
311	RA403	0	0	2	2
312	RA420	0	0	2	2
313	1393	0	0	2	1
314	1463	0	0	2	1
315	1394	0	0	2	1
316	1464	0	0	2	1
317	1408	0	0	2	1
318	1465	0	0	2	1
319	1420	0	0	2	1
320	1466	0	0	2	1
321	1430	0	0	2	1
322	1472	0	0	2	1
323	1437	0	0	2	1
324	1480	0	0	2	1
325	1444	0	0	2	1
326	1481	0	0	2	1
327	1449	0	0	2	1
328	1483	0	0	2	1
329	1451	0	0	2	1
330	1486	0	0	2	1
331	1453	0	0	2	1
332	1491	0	0	2	1
333	1454	0	0	2	1
334	1492	0	0	2	1
335	1462	0	0	2	1
336	1497	0	0	2	1
337	2441	0	0	1	1
338	2496	0	0	2	1
339	2442	0	0	1	1
340	2497	0	0	2	1
341	2443	0	0	2	1
342	2499	0	0	2	1
343	2444	0	0	2	1
344	2501	0	0	2	1
345	2447	0	0	2	1
346	2502	0	0	1	1
347	2448	0	0	2	1
348	2510	0	0	2	1
349	2449	0	0	1	1
350	2511	0	0	1	1
351	2450	0	0	2	1
352	2514	0	0	1	1
353	2451	0	0	2	1
354	2515	0	0	1	1
355	2486	0	0	2	1
356	2518	0	0	2	1
357	2488	0	0	2	1
358	2520	0	0	2	1
359	2492	0	0	1	1
360	2522	0	0	2	1
361	RA769	0	0	2	2
362	RA795	0	0	1	2
363	RA772	0	0	2	2
364	RA796	0	0	2	2
365	RA773	0	0	2	2
366	RA798	0	0	1	2
367	RA774	0	0	1	2
368	RA799	0	0	2	2
369	RA775	0	0	2	2
370	RA800	0	0	2	2
371	RA779	0	0	2	2
372	RA801	0	0	2	2
373	RA782	0	0	2	2
374	RA802	0	0	1	2
375	RA784	0	0	2	2
376	RA803	0	0	2	2
377	RA786	0	0	2	2
378	RA804	0	0	2	2
379	RA788	0	0	2	2
380	RA805	0	0	1	2
381	RA789	0	0	2	2
382	RA806	0	0	1	2
383	RA794	0	0	2	2
384	RA807	0	0	2	2
385	RA897	0	0	1	2
386	RA927	0	0	1	2
387	RA899	0	0	2	2
388	RA928	0	0	2	2
389	RA900	0	0	2	2
390	RA929	0	0	1	2
391	RA903	0	0	1	2
392	RA930	0	0	2	2
393	RA904	0	0	2	2
394	RA931	0	0	2	2
395	RA905	0	0	2	2
396	RA932	0	0	2	2
397	RA919	0	0	2	2
398	RA933	0	0	2	2
399	RA920	0	0	2	2
400	RA937	0	0	1	2
401	RA921	0	0	2	2
402	RA941	0	0	2	2
403	RA922	0	0	2	2
404	RA942	0	0	2	2
405	RA924	0	0	2	2
406	RA943	0	0	2	2
407	RA926	0	0	1	2
408	RA946	0	0	2	2
409	RA619	0	0	2	2
410	RA634	0	0	2	2
411	RA620	0	0	2	2
412	RA635	0	0	2	2
413	RA621	0	0	1	2
414	RA638	0	0	2	2
415	RA622	0	0	2	2
416	RA639	0	0	2	2
417	RA623	0	0	2	2
418	RA641	0	0	2	2
419	RA624	0	0	2	2
420	RA644	0	0	2	2
421	RA625	0	0	2	2
422	RA645	0	0	2	2
423	RA626	0	0	2	2
424	RA646	0	0	1	2
425	RA627	0	0	1	2
426	RA647	0	0	2	2
427	RA628	0	0	2	2
428	RA648	0	0	2	2
429	RA629	0	0	1	2
430	RA649	0	0	2	2
431	RA630	0	0	2	2
432	RA651	0	0	2	2
433	1970	0	0	2	1
434	1992	0	0	2	1
435	1972	0	0	2	1
436	1993	0	0	2	1
437	1973	0	0	2	1
438	1995	0	0	2	1
439	1974	0	0	2	1
440	1996	0	0	2	1
441	1976	0	0	2	1
442	1997	0	0	2	1
443	1979	0	0	2	1
444	1998	0	0	2	1
445	1980	0	0	2	1
446	1999	0	0	2	1
447	1982	0	0	2	1
448	2000	0	0	2	1
449	1984	0	0	2	1
450	2001	0	0	2	1
451	1986	0	0	2	1
452	2004	0	0	2	1
453	1988	0	0	2	1
454	2005	0	0	2	1
455	1991	0	0	2	1
456	2006	0	0	2	1
457	RA194	0	0	2	2
458	RA221	0	0	2	2
459	RA195	0	0	2	2
460	RA222	0	0	2	2
462	RA223	0	0	2	2
463	RA203	0	0	2	2
464	RA225	0	0	2	2
465	RA209	0	0	2	2
466	RA226	0	0	2	2
467	RA210	0	0	2	2
468	RA227	0	0	2	2
469	RA211	0	0	2	2
470	RA228	0	0	2	2
471	RA213	0	0	2	2
472	RA229	0	0	2	2
473	RA214	0	0	2	2
474	RA232	0	0	2	2
475	RA217	0	0	1	2
476	RA233	0	0	1	2
477	RA218	0	0	1	2
478	RA236	0	0	2	2
479	RA220	0	0	1	2
480	RA238	0	0	2	2
481	614	0	0	2	1
482	643	0	0	1	1
483	619	0	0	2	1
484	645	0	0	2	1
485	623	0	0	2	1
486	648	0	0	1	1
487	625	0	0	2	1
488	651	0	0	2	1
489	627	0	0	2	1
490	652	0	0	2	1
491	629	0	0	2	1
492	655	0	0	2	1
493	632	0	0	2	1
494	657	0	0	1	1
495	634	0	0	1	1
496	658	0	0	2	1
497	638	0	0	2	1
498	661	0	0	2	1
499	639	0	0	2	1
500	663	0	0	2	1
501	640	0	0	2	1
502	668	0	0	2	1
503	641	0	0	1	1
504	674	0	0	2	1
505	RA424	0	0	2	2
506	RA438	0	0	2	2
507	RA426	0	0	2	2
508	RA439	0	0	2	2
509	RA427	0	0	2	2
510	RA440	0	0	2	2
511	RA428	0	0	2	2
512	RA441	0	0	1	2
513	RA429	0	0	2	2
514	RA442	0	0	2	2
515	RA430	0	0	1	2
516	RA443	0	0	2	2
517	RA431	0	0	1	2
518	RA446	0	0	2	2
519	RA432	0	0	1	2
520	RA447	0	0	2	2
521	RA434	0	0	2	2
522	RA448	0	0	2	2
523	RA435	0	0	2	2
524	RA449	0	0	2	2
526	RA451	0	0	2	2
527	RA437	0	0	1	2
528	RA453	0	0	2	2
529	2626	0	0	1	1
530	2644	0	0	1	1
531	2629	0	0	2	1
532	2645	0	0	1	1
533	2630	0	0	2	1
534	2646	0	0	1	1
535	2631	0	0	2	1
536	2648	0	0	2	1
537	2632	0	0	2	1
538	2651	0	0	2	1
539	2633	0	0	1	1
540	2652	0	0	1	1
541	2634	0	0	2	1
542	2653	0	0	1	1
543	2636	0	0	2	1
544	2654	0	0	2	1
545	2639	0	0	2	1
546	2655	0	0	2	1
547	2641	0	0	2	1
548	2656	0	0	1	1
549	2642	0	0	1	1
550	2657	0	0	2	1
551	2643	0	0	1	1
552	2658	0	0	2	1
553	RA1173	0	0	2	2
554	RA1201	0	0	2	2
555	RA1175	0	0	2	2
556	RA1202	0	0	2	2
557	RA1176	0	0	2	2
558	RA1203	0	0	2	2
559	RA1178	0	0	2	2
560	RA1206	0	0	2	2
561	RA1179	0	0	1	2
562	RA1208	0	0	2	2
563	RA1187	0	0	2	2
564	RA1209	0	0	2	2
565	RA1192	0	0	2	2
566	RA1211	0	0	2	2
567	RA1193	0	0	2	2
568	RA1213	0	0	2	2
569	RA1195	0	0	2	2
570	RA1216	0	0	2	2
571	RA1196	0	0	2	2
572	RA1217	0	0	1	2
573	RA1197	0	0	2	2
575	RA1198	0	0	2	2
576	RA1220	0	0	2	2
577	2598	0	0	2	1
578	2611	0	0	1	1
579	2599	0	0	1	1
580	2612	0	0	1	1
581	2600	0	0	1	1
582	2613	0	0	1	1
583	2601	0	0	2	1
584	2614	0	0	1	1
585	2602	0	0	2	1
586	2615	0	0	1	1
587	2603	0	0	1	1
588	2616	0	0	1	1
589	2604	0	0	2	1
590	2617	0	0	2	1
591	2605	0	0	1	1
592	2618	0	0	2	1
593	2606	0	0	2	1
594	2619	0	0	1	1
596	2623	0	0	2	1
597	2609	0	0	1	1
598	2624	0	0	2	1
599	2610	0	0	2	1
600	2625	0	0	2	1
601	678	0	0	1	1
602	710	0	0	2	1
603	682	0	0	2	1
604	712	0	0	2	1
605	686	0	0	2	1
606	714	0	0	2	1
607	692	0	0	2	1
608	716	0	0	2	1
609	696	0	0	2	1
610	717	0	0	2	1
611	697	0	0	1	1
612	718	0	0	2	1
613	699	0	0	2	1
614	719	0	0	2	1
615	700	0	0	2	1
616	722	0	0	2	1
617	701	0	0	2	1
618	725	0	0	1	1
619	702	0	0	2	1
620	727	0	0	2	1
621	703	0	0	2	1
622	728	0	0	2	1
623	709	0	0	2	1
624	736	0	0	2	1
625	RA808	0	0	2	2
626	RA821	0	0	2	2
627	RA809	0	0	2	2
628	RA822	0	0	2	2
629	RA810	0	0	2	2
630	RA823	0	0	2	2
631	RA811	0	0	2	2
632	RA826	0	0	2	2
633	RA812	0	0	2	2
634	RA829	0	0	2	2
635	RA813	0	0	1	2
636	RA830	0	0	2	2
637	RA814	0	0	1	2
638	RA832	0	0	2	2
639	RA815	0	0	1	2
640	RA833	0	0	2	2
641	RA816	0	0	2	2
642	RA834	0	0	2	2
643	RA817	0	0	2	2
644	RA836	0	0	2	2
645	RA818	0	0	1	2
646	RA838	0	0	2	2
647	RA820	0	0	2	2
648	RA841	0	0	2	2
649	RA1615	0	0	1	2
650	RA1635	0	0	1	2
651	RA1616	0	0	2	2
652	RA1636	0	0	2	2
653	RA1617	0	0	2	2
654	RA1637	0	0	2	2
655	RA1619	0	0	2	2
656	RA1638	0	0	2	2
657	RA1620	0	0	2	2
658	RA1639	0	0	1	2
659	RA1621	0	0	2	2
660	RA1640	0	0	2	2
661	RA1623	0	0	2	2
662	RA1641	0	0	1	2
663	RA1624	0	0	2	2
664	RA1642	0	0	1	2
665	RA1625	0	0	2	2
666	RA1643	0	0	2	2
667	RA1626	0	0	2	2
668	RA1644	0	0	1	2
669	RA1628	0	0	2	2
670	RA1645	0	0	2	2
671	RA1633	0	0	2	2
672	RA1647	0	0	1	2
673	RA515	0	0	1	2
674	RA529	0	0	2	2
675	RA517	0	0	2	2
676	RA530	0	0	2	2
677	RA518	0	0	2	2
678	RA531	0	0	2	2
679	RA519	0	0	2	2
680	RA532	0	0	1	2
681	RA521	0	0	1	2
682	RA533	0	0	2	2
683	RA522	0	0	2	2
684	RA534	0	0	2	2
685	RA523	0	0	1	2
686	RA535	0	0	2	2
687	RA524	0	0	2	2
688	RA536	0	0	1	2
689	RA525	0	0	2	2
690	RA538	0	0	1	2
691	RA526	0	0	2	2
692	RA540	0	0	2	2
693	RA527	0	0	2	2
694	RA541	0	0	2	2
695	RA528	0	0	2	2
696	RA542	0	0	2	2
697	147	0	0	2	1
698	171	0	0	2	1
699	150	0	0	2	1
700	174	0	0	1	1
701	151	0	0	2	1
702	175	0	0	2	1
703	152	0	0	2	1
704	177	0	0	2	1
705	153	0	0	2	1
706	178	0	0	2	1
707	158	0	0	2	1
708	179	0	0	2	1
709	159	0	0	1	1
710	182	0	0	2	1
711	162	0	0	2	1
712	185	0	0	2	1
713	164	0	0	2	1
714	187	0	0	2	1
715	166	0	0	2	1
716	188	0	0	2	1
717	167	0	0	2	1
718	193	0	0	2	1
719	170	0	0	2	1
720	196	0	0	2	1
721	RA684	0	0	2	2
722	RA709	0	0	2	2
723	RA685	0	0	2	2
724	RA710	0	0	2	2
725	RA687	0	0	2	2
726	RA716	0	0	2	2
727	RA688	0	0	2	2
728	RA719	0	0	2	2
729	RA692	0	0	2	2
730	RA725	0	0	1	2
731	RA700	0	0	2	2
732	RA728	0	0	2	2
733	RA701	0	0	1	2
734	RA733	0	0	1	2
735	RA702	0	0	2	2
736	RA735	0	0	2	2
737	RA704	0	0	2	2
738	RA736	0	0	2	2
739	RA705	0	0	2	2
740	RA737	0	0	2	2
741	RA706	0	0	2	2
742	RA738	0	0	1	2
743	RA707	0	0	2	2
744	RA739	0	0	2	2
745	1555	0	0	2	1
746	1609	0	0	2	1
747	1557	0	0	2	1
748	1612	0	0	2	1
749	1558	0	0	2	1
750	1613	0	0	2	1
751	1559	0	0	2	1
752	1616	0	0	2	1
753	1563	0	0	2	1
754	1617	0	0	1	1
755	1568	0	0	2	1
756	1621	0	0	2	1
757	1571	0	0	1	1
758	1626	0	0	2	1
759	1590	0	0	2	1
760	1630	0	0	2	1
761	1602	0	0	2	1
762	1632	0	0	2	1
763	1603	0	0	2	1
764	1635	0	0	2	1
765	1604	0	0	2	1
766	1637	0	0	2	1
767	1608	0	0	2	1
768	1639	0	0	2	1
769	RA1255	0	0	2	2
770	RA1280	0	0	2	2
771	RA1266	0	0	1	2
772	RA1284	0	0	2	2
773	RA1268	0	0	2	2
774	RA1286	0	0	2	2
775	RA1269	0	0	2	2
776	RA1289	0	0	2	2
777	RA1271	0	0	2	2
778	RA1293	0	0	2	2
779	RA1272	0	0	2	2
780	RA1294	0	0	2	2
781	RA1273	0	0	2	2
782	RA1296	0	0	2	2
783	RA1275	0	0	2	2
784	RA1300	0	0	2	2
785	RA1276	0	0	2	2
786	RA1304	0	0	2	2
787	RA1277	0	0	2	2
788	RA1305	0	0	2	2
789	RA1278	0	0	2	2
790	RA1306	0	0	2	2
791	RA1279	0	0	1	2
792	RA1307	0	0	1	2
793	RA10	0	0	1	2
794	RA28	0	0	1	2
795	RA11	0	0	2	2
796	RA29	0	0	2	2
797	RA12	0	0	2	2
798	RA30	0	0	2	2
799	RA13	0	0	2	2
800	RA32	0	0	2	2
801	RA17	0	0	2	2
802	RA33	0	0	2	2
803	RA20	0	0	1	2
804	RA34	0	0	2	2
805	RA21	0	0	2	2
806	RA35	0	0	2	2
807	RA22	0	0	2	2
808	RA37	0	0	2	2
809	RA23	0	0	2	2
810	RA38	0	0	2	2
811	RA25	0	0	2	2
812	RA39	0	0	1	2
813	RA26	0	0	1	2
814	RA42	0	0	2	2
815	RA27	0	0	2	2
817	RA1409	0	0	2	2
818	RA1430	0	0	2	2
819	RA1410	0	0	1	2
820	RA1431	0	0	2	2
821	RA1411	0	0	2	2
822	RA1434	0	0	2	2
823	RA1412	0	0	2	2
824	RA1435	0	0	2	2
825	RA1420	0	0	1	2
826	RA1436	0	0	2	2
827	RA1422	0	0	2	2
828	RA1438	0	0	2	2
829	RA1423	0	0	2	2
831	RA1424	0	0	2	2
832	RA1440	0	0	2	2
833	RA1425	0	0	2	2
834	RA1441	0	0	2	2
835	RA1426	0	0	2	2
836	RA1442	0	0	1	2
837	RA1428	0	0	2	2
838	RA1443	0	0	2	2
839	RA1429	0	0	2	2
840	RA1444	0	0	2	2
841	RA996	0	0	2	2
842	RA1020	0	0	2	2
843	RA998	0	0	1	2
844	RA1022	0	0	2	2
845	RA1001	0	0	2	2
846	RA1023	0	0	2	2
847	RA1004	0	0	2	2
848	RA1024	0	0	2	2
849	RA1005	0	0	2	2
850	RA1025	0	0	2	2
851	RA1006	0	0	2	2
852	RA1027	0	0	2	2
853	RA1010	0	0	2	2
854	RA1030	0	0	2	2
855	RA1011	0	0	2	2
856	RA1044	0	0	2	2
857	RA1012	0	0	2	2
858	RA1055	0	0	2	2
859	RA1014	0	0	2	2
860	RA1057	0	0	2	2
861	RA1016	0	0	2	2
862	RA1058	0	0	2	2
864	RA1060	0	0	2	2
865	RA264	0	0	2	2
866	RA279	0	0	2	2
867	RA265	0	0	2	2
868	RA280	0	0	2	2
869	RA267	0	0	2	2
870	RA281	0	0	2	2
871	RA268	0	0	2	2
872	RA282	0	0	2	2
873	RA269	0	0	2	2
874	RA286	0	0	1	2
875	RA270	0	0	2	2
876	RA288	0	0	2	2
877	RA271	0	0	2	2
878	RA290	0	0	2	2
879	RA272	0	0	2	2
880	RA291	0	0	1	2
881	RA274	0	0	2	2
882	RA292	0	0	2	2
883	RA276	0	0	2	2
884	RA293	0	0	2	2
885	RA277	0	0	2	2
887	RA278	0	0	2	2
888	RA295	0	0	1	2
889	1640	0	0	2	1
890	1672	0	0	2	1
891	1643	0	0	2	1
892	1675	0	0	2	1
893	1645	0	0	2	1
894	1679	0	0	2	1
895	1649	0	0	2	1
896	1682	0	0	1	1
897	1651	0	0	2	1
898	1685	0	0	2	1
899	1652	0	0	2	1
900	1686	0	0	2	1
901	1655	0	0	2	1
902	1687	0	0	1	1
903	1659	0	0	2	1
904	1690	0	0	1	1
905	1660	0	0	2	1
906	1704	0	0	2	1
907	1662	0	0	2	1
908	1705	0	0	2	1
909	1666	0	0	1	1
910	1706	0	0	1	1
911	1668	0	0	2	1
912	1715	0	0	2	1
913	3049	0	0	2	1
914	3079	0	0	2	1
915	3053	0	0	2	1
916	3102	0	0	1	1
917	3054	0	0	2	1
918	3103	0	0	2	1
919	3055	0	0	2	1
921	3057	0	0	2	1
922	RA1634	0	0	2	2
923	3061	0	0	2	1
925	3066	0	0	1	1
926	RA1663	0	0	2	2
927	3067	0	0	2	1
928	RA1666	0	0	1	2
929	3068	0	0	2	1
930	RA1651	0	0	1	2
931	3072	0	0	2	1
932	RA1669	0	0	1	2
933	3076	0	0	2	1
934	90	0	0	2	1
935	3078	0	0	2	1
936	222	0	0	2	1
937	RA326	0	0	1	2
938	RA341	0	0	2	2
939	RA328	0	0	2	2
940	RA343	0	0	1	2
941	RA329	0	0	2	2
942	RA346	0	0	2	2
943	RA330	0	0	2	2
944	RA347	0	0	2	2
945	RA331	0	0	2	2
946	RA348	0	0	2	2
947	RA332	0	0	2	2
948	RA349	0	0	2	2
949	RA335	0	0	2	2
950	RA350	0	0	1	2
951	RA336	0	0	2	2
952	RA352	0	0	2	2
953	RA337	0	0	1	2
954	RA353	0	0	2	2
955	RA338	0	0	2	2
956	RA354	0	0	2	2
957	RA339	0	0	2	2
958	RA355	0	0	2	2
959	RA340	0	0	2	2
960	RA356	0	0	2	2
961	2341	0	0	1	1
962	2366	0	0	1	1
963	2342	0	0	1	1
964	2368	0	0	1	1
965	2343	0	0	1	1
966	2372	0	0	2	1
967	2344	0	0	2	1
968	2374	0	0	1	1
969	2345	0	0	1	1
970	2376	0	0	2	1
971	2347	0	0	2	1
972	2379	0	0	2	1
973	2348	0	0	2	1
974	2385	0	0	2	1
975	2350	0	0	2	1
976	2386	0	0	2	1
977	2354	0	0	2	1
978	2392	0	0	2	1
979	2355	0	0	2	1
980	2396	0	0	2	1
981	2361	0	0	2	1
982	2398	0	0	2	1
983	2364	0	0	1	1
984	2399	0	0	2	1
985	199	0	0	1	1
986	220	0	0	2	1
987	200	0	0	1	1
988	223	0	0	2	1
989	202	0	0	1	1
990	226	0	0	2	1
991	203	0	0	1	1
992	227	0	0	1	1
993	204	0	0	2	1
994	229	0	0	1	1
995	209	0	0	2	1
996	234	0	0	2	1
997	210	0	0	2	1
998	237	0	0	2	1
999	211	0	0	2	1
1000	239	0	0	2	1
1001	213	0	0	2	1
1002	240	0	0	2	1
1003	216	0	0	2	1
1004	242	0	0	2	1
1005	218	0	0	1	1
1006	244	0	0	2	1
1007	219	0	0	2	1
1008	245	0	0	2	1
1009	1941	0	0	2	1
1010	1953	0	0	2	1
1011	1942	0	0	2	1
1012	1955	0	0	2	1
1013	1943	0	0	2	1
1014	1957	0	0	2	1
1015	1944	0	0	2	1
1016	1959	0	0	2	1
1017	1945	0	0	2	1
1018	1960	0	0	2	1
1019	1946	0	0	2	1
1020	1961	0	0	2	1
1021	1947	0	0	2	1
1022	1962	0	0	2	1
1023	1948	0	0	2	1
1024	1963	0	0	2	1
1025	1949	0	0	2	1
1026	1965	0	0	2	1
1027	1950	0	0	2	1
1028	1966	0	0	2	1
1029	1951	0	0	2	1
1030	1968	0	0	2	1
1031	1952	0	0	2	1
1032	1969	0	0	2	1
1033	2040	0	0	2	1
1034	2075	0	0	2	1
1035	2041	0	0	2	1
1036	2079	0	0	2	1
1037	2042	0	0	2	1
1038	2082	0	0	2	1
1039	2048	0	0	2	1
1040	2087	0	0	2	1
1041	2051	0	0	2	1
1042	2088	0	0	2	1
1043	2058	0	0	2	1
1044	2103	0	0	2	1
1045	2060	0	0	2	1
1046	2104	0	0	2	1
1047	2061	0	0	2	1
1048	2106	0	0	2	1
1049	2068	0	0	2	1
1050	2112	0	0	2	1
1051	2071	0	0	2	1
1052	2114	0	0	2	1
1053	2073	0	0	2	1
1054	2115	0	0	2	1
1055	2074	0	0	2	1
1056	2117	0	0	2	1
1057	1805	0	0	1	1
1058	1883	0	0	2	1
1059	1810	0	0	2	1
1060	1884	0	0	2	1
1061	1815	0	0	2	1
1062	1886	0	0	2	1
1063	1816	0	0	2	1
1064	1888	0	0	2	1
1065	1819	0	0	2	1
1066	1889	0	0	2	1
1067	1873	0	0	2	1
1068	1892	0	0	2	1
1069	1874	0	0	2	1
1070	1895	0	0	2	1
1071	1875	0	0	2	1
1072	1897	0	0	2	1
1073	1876	0	0	2	1
1074	1899	0	0	2	1
1075	1877	0	0	2	1
1076	1900	0	0	2	1
1077	1878	0	0	2	1
1078	1901	0	0	2	1
1079	1881	0	0	2	1
1080	1903	0	0	2	1
1081	2122	0	0	2	1
1082	2167	0	0	1	1
1083	2128	0	0	2	1
1084	2176	0	0	2	1
1085	2131	0	0	2	1
1086	2180	0	0	2	1
1087	2133	0	0	2	1
1088	2187	0	0	2	1
1089	2140	0	0	1	1
1090	2190	0	0	2	1
1091	2141	0	0	2	1
1092	2193	0	0	2	1
1093	2147	0	0	2	1
1094	2199	0	0	2	1
1095	2150	0	0	2	1
1096	2201	0	0	2	1
1097	2153	0	0	2	1
1098	2204	0	0	2	1
1099	2156	0	0	2	1
1100	2208	0	0	2	1
1101	2158	0	0	2	1
1102	2212	0	0	2	1
1103	2166	0	0	2	1
1104	2216	0	0	2	1
1105	RA357	0	0	2	2
1106	RA372	0	0	2	2
1107	RA358	0	0	1	2
1108	RA373	0	0	2	2
1109	RA361	0	0	2	2
1110	RA374	0	0	2	2
1111	RA362	0	0	2	2
1112	RA375	0	0	2	2
1113	RA363	0	0	1	2
1114	RA376	0	0	2	2
1115	RA364	0	0	2	2
1116	RA377	0	0	2	2
1117	RA366	0	0	2	2
1118	RA378	0	0	2	2
1119	RA367	0	0	1	2
1120	RA379	0	0	2	2
1121	RA368	0	0	2	2
1122	RA382	0	0	2	2
1123	RA369	0	0	1	2
1124	RA384	0	0	2	2
1125	RA370	0	0	2	2
1126	RA385	0	0	2	2
1127	RA371	0	0	2	2
1128	RA386	0	0	2	2
1129	1175	0	0	2	1
1130	1243	0	0	2	1
1131	1184	0	0	2	1
1132	1245	0	0	2	1
1133	1185	0	0	2	1
1134	1248	0	0	2	1
1135	1194	0	0	2	1
1136	1258	0	0	2	1
1137	1197	0	0	2	1
1138	1259	0	0	1	1
1139	1198	0	0	2	1
1140	1263	0	0	2	1
1141	1207	0	0	1	1
1142	1265	0	0	2	1
1143	1230	0	0	1	1
1144	1267	0	0	1	1
1145	1232	0	0	1	1
1146	1269	0	0	2	1
1147	1233	0	0	2	1
1148	1274	0	0	1	1
1149	1241	0	0	2	1
1150	1276	0	0	2	1
1151	1242	0	0	2	1
1152	1281	0	0	2	1
1153	RA483	0	0	1	2
1154	RA501	0	0	1	2
1155	RA484	0	0	2	2
1156	RA502	0	0	2	2
1157	RA485	0	0	2	2
1158	RA503	0	0	2	2
1159	RA486	0	0	2	2
1160	RA504	0	0	2	2
1161	RA487	0	0	1	2
1162	RA506	0	0	2	2
1163	RA489	0	0	1	2
1164	RA507	0	0	2	2
1165	RA490	0	0	2	2
1166	RA508	0	0	2	2
1167	RA493	0	0	1	2
1168	RA509	0	0	2	2
1169	RA494	0	0	2	2
1170	RA510	0	0	2	2
1171	RA497	0	0	1	2
1172	RA511	0	0	2	2
1173	RA498	0	0	2	2
1174	RA512	0	0	2	2
1175	RA500	0	0	1	2
1176	RA514	0	0	2	2
1177	320	0	0	2	1
1178	347	0	0	2	1
1179	322	0	0	2	1
1180	348	0	0	2	1
1181	329	0	0	2	1
1182	351	0	0	2	1
1183	330	0	0	1	1
1184	352	0	0	2	1
1185	332	0	0	2	1
1186	359	0	0	1	1
1187	334	0	0	2	1
1188	360	0	0	2	1
1189	335	0	0	1	1
1190	364	0	0	2	1
1191	336	0	0	1	1
1192	368	0	0	2	1
1193	337	0	0	2	1
1194	369	0	0	2	1
1195	339	0	0	1	1
1196	371	0	0	1	1
1197	343	0	0	1	1
1198	373	0	0	2	1
1199	346	0	0	1	1
1200	374	0	0	2	1
1201	RA44	0	0	2	2
1202	RA67	0	0	1	2
1203	RA45	0	0	2	2
1204	RA68	0	0	2	2
1205	RA46	0	0	2	2
1206	RA69	0	0	2	2
1207	RA48	0	0	2	2
1208	RA70	0	0	2	2
1209	RA50	0	0	2	2
1210	RA72	0	0	2	2
1211	RA52	0	0	2	2
1212	RA73	0	0	2	2
1213	RA56	0	0	2	2
1214	RA74	0	0	2	2
1215	RA57	0	0	2	2
1216	RA78	0	0	2	2
1217	RA59	0	0	2	2
1218	RA79	0	0	1	2
1219	RA62	0	0	2	2
1220	RA81	0	0	2	2
1221	RA65	0	0	2	2
1222	RA83	0	0	2	2
1223	RA66	0	0	2	2
1224	RA84	0	0	2	2
1225	RA948	0	0	1	2
1226	RA976	0	0	2	2
1227	RA949	0	0	1	2
1228	RA978	0	0	1	2
1229	RA953	0	0	2	2
1230	RA981	0	0	2	2
1231	RA955	0	0	1	2
1232	RA982	0	0	2	2
1233	RA956	0	0	2	2
1234	RA983	0	0	2	2
1235	RA958	0	0	2	2
1236	RA986	0	0	2	2
1237	RA961	0	0	1	2
1238	RA987	0	0	2	2
1239	RA963	0	0	2	2
1240	RA988	0	0	2	2
1241	RA966	0	0	2	2
1242	RA989	0	0	2	2
1243	RA969	0	0	2	2
1244	RA990	0	0	2	2
1245	RA973	0	0	2	2
1246	RA991	0	0	2	2
1247	RA974	0	0	2	2
1248	RA994	0	0	2	2
1249	377	0	0	2	1
1250	396	0	0	2	1
1251	378	0	0	2	1
1252	397	0	0	2	1
1253	379	0	0	2	1
1254	398	0	0	2	1
1255	380	0	0	2	1
1256	399	0	0	2	1
1257	382	0	0	2	1
1258	400	0	0	2	1
1259	383	0	0	2	1
1260	403	0	0	2	1
1261	384	0	0	2	1
1262	406	0	0	2	1
1263	386	0	0	2	1
1264	408	0	0	2	1
1265	388	0	0	1	1
1266	409	0	0	2	1
1267	390	0	0	2	1
1268	411	0	0	2	1
1269	393	0	0	2	1
1270	413	0	0	2	1
1271	395	0	0	2	1
1272	414	0	0	2	1
1273	2897	0	0	2	1
1275	2898	0	0	2	1
1276	2943	0	0	2	1
1277	2900	0	0	2	1
1279	2902	0	0	1	1
1280	2946	0	0	1	1
1281	2927	0	0	1	1
1282	2953	0	0	1	1
1283	2928	0	0	2	1
1284	2956	0	0	1	1
1285	2929	0	0	2	1
1286	2957	0	0	1	1
1287	2930	0	0	1	1
1288	2960	0	0	2	1
1289	2933	0	0	2	1
1290	2961	0	0	2	1
1292	2963	0	0	2	1
1293	2937	0	0	2	1
1294	2966	0	0	2	1
1295	2938	0	0	1	1
1296	2968	0	0	1	1
1297	RA544	0	0	1	2
1298	RA557	0	0	2	2
1299	RA545	0	0	2	2
1300	RA558	0	0	2	2
1301	RA546	0	0	1	2
1302	RA559	0	0	2	2
1303	RA547	0	0	2	2
1304	RA560	0	0	2	2
1305	RA548	0	0	2	2
1306	RA561	0	0	2	2
1307	RA549	0	0	2	2
1308	RA562	0	0	1	2
1309	RA551	0	0	1	2
1310	RA564	0	0	2	2
1311	RA552	0	0	2	2
1312	RA566	0	0	2	2
1313	RA553	0	0	1	2
1314	RA568	0	0	2	2
1315	RA554	0	0	2	2
1316	RA572	0	0	1	2
1317	RA555	0	0	1	2
1318	RA575	0	0	2	2
1319	RA556	0	0	2	2
1320	RA581	0	0	2	2
1321	488	0	0	2	1
1322	577	0	0	2	1
1323	490	0	0	2	1
1324	579	0	0	2	1
1325	492	0	0	2	1
1326	585	0	0	2	1
1327	545	0	0	2	1
1328	595	0	0	2	1
1329	546	0	0	2	1
1330	596	0	0	2	1
1331	551	0	0	2	1
1332	597	0	0	2	1
1333	553	0	0	2	1
1334	601	0	0	1	1
1335	554	0	0	2	1
1336	604	0	0	1	1
1337	563	0	0	2	1
1338	606	0	0	1	1
1339	564	0	0	2	1
1340	607	0	0	2	1
1341	569	0	0	2	1
1342	609	0	0	2	1
1343	574	0	0	2	1
1344	612	0	0	2	1
1345	738	0	0	2	1
1346	800	0	0	2	1
1347	742	0	0	1	1
1348	802	0	0	2	1
1349	745	0	0	2	1
1350	808	0	0	2	1
1351	747	0	0	2	1
1352	816	0	0	2	1
1353	759	0	0	2	1
1354	820	0	0	2	1
1355	761	0	0	2	1
1356	826	0	0	2	1
1357	777	0	0	2	1
1358	827	0	0	2	1
1359	779	0	0	2	1
1360	829	0	0	2	1
1361	784	0	0	2	1
1362	832	0	0	2	1
1363	788	0	0	2	1
1364	837	0	0	2	1
1365	789	0	0	2	1
2117	839	0	0	1	1
1367	793	0	0	2	1
1368	843	0	0	2	1
1369	RA1491	0	0	1	2
1370	RA1507	0	0	2	2
1371	RA1492	0	0	2	2
1372	RA1508	0	0	2	2
1373	RA1493	0	0	2	2
1374	RA1509	0	0	2	2
1375	RA1495	0	0	2	2
1376	RA1515	0	0	2	2
1377	RA1496	0	0	2	2
1378	RA1517	0	0	2	2
1379	RA1497	0	0	2	2
1380	RA1518	0	0	2	2
1381	RA1498	0	0	2	2
1382	RA1519	0	0	2	2
1383	RA1500	0	0	2	2
1384	RA1520	0	0	2	2
1385	RA1501	0	0	2	2
1386	RA1522	0	0	2	2
1387	RA1502	0	0	2	2
1388	RA1524	0	0	2	2
1389	RA1505	0	0	2	2
1390	RA1528	0	0	2	2
1391	RA1506	0	0	2	2
1392	RA1529	0	0	2	2
1393	RA122	0	0	1	2
1394	RA137	0	0	1	2
1395	RA124	0	0	2	2
1396	RA138	0	0	2	2
1397	RA125	0	0	2	2
1398	RA139	0	0	2	2
1399	RA126	0	0	1	2
1400	RA140	0	0	1	2
1401	RA127	0	0	2	2
1402	RA141	0	0	1	2
1403	RA128	0	0	2	2
1404	RA142	0	0	2	2
1405	RA129	0	0	2	2
1406	RA143	0	0	2	2
1407	RA130	0	0	2	2
1408	RA145	0	0	2	2
1409	RA131	0	0	2	2
1410	RA147	0	0	2	2
1411	RA133	0	0	2	2
1412	RA148	0	0	2	2
1413	RA135	0	0	2	2
1414	RA149	0	0	2	2
1415	RA136	0	0	2	2
1416	RA151	0	0	2	2
1417	1031	0	0	1	1
1418	1067	0	0	2	1
1419	1035	0	0	2	1
1420	1068	0	0	2	1
1421	1036	0	0	2	1
1422	1069	0	0	2	1
1423	1038	0	0	2	1
1424	1070	0	0	2	1
1425	1040	0	0	2	1
1426	1072	0	0	2	1
1427	1044	0	0	2	1
1428	1078	0	0	2	1
1430	1079	0	0	2	1
1431	1055	0	0	2	1
1432	1080	0	0	2	1
1433	1056	0	0	2	1
1434	1088	0	0	2	1
1437	1063	0	0	2	1
1438	1091	0	0	2	1
1439	1064	0	0	2	1
1440	1093	0	0	2	1
1442	RA1077	0	0	2	2
1443	RA1062	0	0	2	2
1444	RA1078	0	0	2	2
1445	RA1063	0	0	2	2
1446	RA1079	0	0	1	2
1447	RA1064	0	0	2	2
1448	RA1080	0	0	2	2
1449	RA1066	0	0	2	2
1450	RA1081	0	0	2	2
1451	RA1067	0	0	2	2
1452	RA1084	0	0	2	2
1453	RA1069	0	0	2	2
1454	RA1085	0	0	2	2
1455	RA1070	0	0	2	2
1456	RA1091	0	0	2	2
1457	RA1071	0	0	2	2
1458	RA1094	0	0	2	2
1459	RA1072	0	0	2	2
1460	RA1110	0	0	1	2
1461	RA1073	0	0	2	2
1462	RA1115	0	0	2	2
1463	RA1076	0	0	2	2
1464	RA1118	0	0	1	2
1465	RA1696	0	0	2	2
1466	RA1718	0	0	2	2
1467	RA1702	0	0	2	2
1468	RA1720	0	0	2	2
1469	RA1706	0	0	2	2
1470	RA1727	0	0	1	2
1471	RA1707	0	0	2	2
1472	RA1728	0	0	2	2
1473	RA1709	0	0	1	2
1474	RA1730	0	0	2	2
1475	RA1710	0	0	2	2
1476	RA1731	0	0	2	2
1477	RA1711	0	0	2	2
1478	RA1733	0	0	2	2
1479	RA1712	0	0	2	2
1480	RA1734	0	0	2	2
1481	RA1714	0	0	2	2
1482	RA1735	0	0	2	2
1483	RA1715	0	0	2	2
1484	RA1736	0	0	1	2
1485	RA1716	0	0	2	2
1486	RA1737	0	0	1	2
1487	RA1717	0	0	1	2
1488	RA1738	0	0	2	2
1489	1906	0	0	2	1
1490	1920	0	0	2	1
1491	1907	0	0	1	1
1492	1921	0	0	2	1
1493	1908	0	0	2	1
1494	1922	0	0	2	1
1495	1910	0	0	2	1
1496	1925	0	0	2	1
1497	1911	0	0	2	1
1498	1926	0	0	2	1
1499	1912	0	0	2	1
1500	1927	0	0	2	1
1501	1913	0	0	2	1
1502	1928	0	0	2	1
1503	1914	0	0	2	1
1504	1931	0	0	2	1
1505	1915	0	0	2	1
1506	1933	0	0	2	1
1507	1916	0	0	2	1
1508	1936	0	0	2	1
1509	1917	0	0	2	1
1510	1937	0	0	2	1
1511	1918	0	0	2	1
1512	1940	0	0	2	1
1513	RA1308	0	0	1	2
1514	RA1327	0	0	2	2
1515	RA1309	0	0	2	2
1516	RA1328	0	0	1	2
1517	RA1310	0	0	2	2
1518	RA1333	0	0	2	2
1519	RA1311	0	0	2	2
1520	RA1339	0	0	2	2
1521	RA1312	0	0	2	2
1522	RA1340	0	0	2	2
1523	RA1316	0	0	2	2
1524	RA1341	0	0	2	2
1525	RA1317	0	0	2	2
1526	RA1343	0	0	2	2
1527	RA1320	0	0	2	2
1528	RA1344	0	0	2	2
1529	RA1322	0	0	2	2
1530	RA1345	0	0	2	2
1531	RA1324	0	0	2	2
1532	RA1346	0	0	2	2
1533	RA1325	0	0	2	2
1534	RA1348	0	0	2	2
1535	RA1326	0	0	2	2
1536	RA1350	0	0	2	2
1537	1721	0	0	2	1
1538	1761	0	0	2	1
1539	1723	0	0	2	1
1540	1765	0	0	2	1
1541	1725	0	0	2	1
1542	1771	0	0	2	1
1543	1729	0	0	1	1
1544	1773	0	0	2	1
1545	1732	0	0	2	1
1546	1777	0	0	2	1
1547	1735	0	0	2	1
1548	1778	0	0	2	1
1549	1737	0	0	1	1
1550	1780	0	0	1	1
1551	1739	0	0	2	1
1552	1781	0	0	2	1
1553	1746	0	0	2	1
1554	1791	0	0	2	1
1555	1752	0	0	1	1
1556	1795	0	0	2	1
1557	1753	0	0	2	1
1558	1797	0	0	2	1
1559	1757	0	0	2	1
1560	1799	0	0	2	1
1561	2401	0	0	2	1
1562	2428	0	0	1	1
1563	2402	0	0	2	1
1564	2429	0	0	1	1
1565	2403	0	0	2	1
1566	2430	0	0	2	1
1567	2407	0	0	2	1
1568	2431	0	0	2	1
1569	2411	0	0	2	1
1570	2432	0	0	2	1
1571	2412	0	0	2	1
1572	2434	0	0	1	1
1573	2422	0	0	2	1
1574	2435	0	0	1	1
1575	2423	0	0	1	1
1576	2436	0	0	1	1
1577	2424	0	0	1	1
1578	2437	0	0	1	1
1579	2425	0	0	2	1
1580	2438	0	0	1	1
1581	2426	0	0	2	1
1582	2439	0	0	2	1
1583	2427	0	0	2	1
1584	2440	0	0	2	1
1586	RA1591	0	0	2	2
1588	RA1593	0	0	2	2
1590	RA1594	0	0	2	2
1592	RA1595	0	0	2	2
1594	RA1596	0	0	2	2
1596	RA1597	0	0	2	2
1598	RA1598	0	0	2	2
1599	RA1606	0	0	1	2
1600	3058	0	0	2	1
1602	RA1609	0	0	2	2
1603	RA1610	0	0	2	2
1604	3065	0	0	2	1
1608	RA1614	0	0	1	2
1609	1102	0	0	2	1
1610	1131	0	0	2	1
1611	1104	0	0	2	1
1612	1136	0	0	2	1
1613	1105	0	0	2	1
1614	1141	0	0	2	1
1615	1108	0	0	2	1
1616	1144	0	0	2	1
1618	1147	0	0	2	1
1619	1115	0	0	2	1
1620	1149	0	0	2	1
1621	1116	0	0	2	1
1622	1150	0	0	2	1
1623	1119	0	0	2	1
1624	1154	0	0	2	1
1625	1120	0	0	2	1
1626	1156	0	0	2	1
1627	1124	0	0	2	1
1628	1157	0	0	2	1
1629	1126	0	0	2	1
1630	1159	0	0	2	1
1631	1129	0	0	2	1
1632	1173	0	0	1	1
1633	RA1119	0	0	2	2
1634	RA1147	0	0	2	2
1635	RA1127	0	0	2	2
1636	RA1148	0	0	2	2
1637	RA1132	0	0	1	2
1638	RA1149	0	0	2	2
1639	RA1133	0	0	2	2
1640	RA1151	0	0	2	2
1641	RA1134	0	0	2	2
1642	RA1152	0	0	2	2
1643	RA1136	0	0	2	2
1644	RA1153	0	0	2	2
1645	RA1138	0	0	2	2
1646	RA1158	0	0	2	2
1647	RA1139	0	0	2	2
1648	RA1159	0	0	2	2
1649	RA1140	0	0	2	2
1650	RA1160	0	0	1	2
1651	RA1141	0	0	1	2
1652	RA1166	0	0	2	2
1653	RA1144	0	0	2	2
1654	RA1170	0	0	1	2
1655	RA1145	0	0	1	2
1656	RA1172	0	0	2	2
1657	1500	0	0	2	1
1658	1526	0	0	2	1
1659	1501	0	0	2	1
1660	1527	0	0	2	1
1661	1502	0	0	2	1
1662	1528	0	0	2	1
1663	1503	0	0	2	1
1664	1531	0	0	2	1
1665	1504	0	0	2	1
1666	1532	0	0	2	1
1667	1506	0	0	2	1
1668	1533	0	0	2	1
1669	1507	0	0	2	1
1670	1540	0	0	2	1
1671	1508	0	0	2	1
1672	1541	0	0	2	1
1673	1518	0	0	2	1
1674	1542	0	0	2	1
1675	1519	0	0	2	1
1676	1543	0	0	2	1
1677	1522	0	0	2	1
1678	1549	0	0	2	1
1679	1524	0	0	2	1
1680	1552	0	0	2	1
1681	RA843	0	0	2	2
1682	RA870	0	0	2	2
1683	RA845	0	0	2	2
1684	RA871	0	0	1	2
1686	RA874	0	0	2	2
1687	RA851	0	0	2	2
1688	RA885	0	0	2	2
1689	RA854	0	0	2	2
1690	RA887	0	0	2	2
1691	RA855	0	0	1	2
1692	RA888	0	0	2	2
1693	RA856	0	0	2	2
1694	RA889	0	0	2	2
1695	RA858	0	0	2	2
1696	RA890	0	0	2	2
1697	RA859	0	0	1	2
1698	RA891	0	0	2	2
1699	RA862	0	0	1	2
1700	RA893	0	0	1	2
1701	RA863	0	0	2	2
1702	RA895	0	0	2	2
1703	RA867	0	0	2	2
1704	RA896	0	0	1	2
1705	RA1445	0	0	2	2
1707	RA1446	0	0	2	2
1708	RA1478	0	0	2	2
1709	RA1449	0	0	2	2
1710	RA1480	0	0	2	2
1711	RA1450	0	0	2	2
1712	RA1481	0	0	2	2
1713	RA1451	0	0	2	2
1714	RA1482	0	0	2	2
1715	RA1458	0	0	2	2
1716	RA1484	0	0	2	2
1717	RA1462	0	0	2	2
1718	RA1485	0	0	2	2
1719	RA1463	0	0	2	2
1720	RA1486	0	0	1	2
1721	RA1465	0	0	2	2
1722	RA1487	0	0	2	2
1723	RA1466	0	0	2	2
1724	RA1488	0	0	2	2
1725	RA1467	0	0	2	2
1726	RA1489	0	0	2	2
1727	RA1469	0	0	1	2
1728	RA1490	0	0	2	2
1729	RA1739	0	0	2	2
1730	107	0	0	2	1
1731	69	0	0	1	1
1733	71	0	0	1	1
1734	121	0	0	2	1
1735	74	0	0	1	1
1736	124	0	0	2	1
1737	77	0	0	1	1
1738	126	0	0	2	1
1739	78	0	0	1	1
1740	128	0	0	2	1
1742	133	0	0	2	1
1743	84	0	0	2	1
1744	134	0	0	2	1
1745	86	0	0	2	1
1746	138	0	0	2	1
1747	87	0	0	2	1
1748	140	0	0	1	1
1749	89	0	0	2	1
1750	144	0	0	2	1
1751	94	0	0	1	1
1752	145	0	0	2	1
1753	251	0	0	2	1
1754	287	0	0	2	1
1755	254	0	0	2	1
1756	290	0	0	2	1
1757	256	0	0	2	1
1758	292	0	0	2	1
1759	262	0	0	2	1
1760	300	0	0	2	1
1761	264	0	0	2	1
1762	302	0	0	1	1
1763	265	0	0	2	1
1764	303	0	0	2	1
1765	267	0	0	2	1
1766	304	0	0	1	1
1767	268	0	0	2	1
1768	305	0	0	2	1
1769	270	0	0	2	1
1770	308	0	0	2	1
1771	277	0	0	1	1
1772	309	0	0	1	1
1773	281	0	0	2	1
1774	316	0	0	2	1
1775	284	0	0	2	1
1776	319	0	0	2	1
1777	RA454	0	0	2	2
1778	RA466	0	0	1	2
1779	RA455	0	0	2	2
2186	RA467	0	0	2	2
1781	RA456	0	0	2	2
1782	RA468	0	0	2	2
1783	RA457	0	0	2	2
1784	RA469	0	0	2	2
1785	RA458	0	0	2	2
1786	RA472	0	0	2	2
1787	RA460	0	0	2	2
1788	RA473	0	0	1	2
1789	RA452	0	0	2	2
1790	RA474	0	0	2	2
1791	RA461	0	0	2	2
1792	RA476	0	0	1	2
1793	RA462	0	0	2	2
2116	RA477	0	0	2	2
1795	RA463	0	0	2	2
2192	RA478	0	0	2	2
1797	RA464	0	0	2	2
1798	RA481	0	0	1	2
1799	RA465	0	0	2	2
1800	RA482	0	0	2	2
1801	RA652	0	0	2	2
1802	RA670	0	0	1	2
1803	RA653	0	0	2	2
1804	RA671	0	0	2	2
1805	RA654	0	0	1	2
1806	RA672	0	0	2	2
1807	RA655	0	0	1	2
1808	RA673	0	0	2	2
1809	RA656	0	0	2	2
1810	RA674	0	0	2	2
1811	RA659	0	0	2	2
1812	RA675	0	0	1	2
1813	RA660	0	0	2	2
1814	RA676	0	0	2	2
1815	RA661	0	0	2	2
1816	RA677	0	0	2	2
1817	RA662	0	0	2	2
1818	RA679	0	0	2	2
1819	RA666	0	0	2	2
1820	RA681	0	0	1	2
1821	RA667	0	0	2	2
1822	RA682	0	0	2	2
1823	RA668	0	0	2	2
1824	RA683	0	0	1	2
1825	1619	0	0	1	1
1826	2977	0	0	2	1
1827	1987	0	0	2	1
1829	1990	0	0	2	1
1831	2283	0	0	1	1
1833	2291	0	0	2	1
1835	2334	0	0	1	1
1837	2356	0	0	2	1
1839	2715	0	0	2	1
1841	2784	0	0	2	1
1843	2866	0	0	2	1
1845	2959	0	0	2	1
1847	2970	0	0	1	1
1849	2767	0	0	2	1
1850	2795	0	0	2	1
1851	2768	0	0	2	1
1852	2796	0	0	2	1
1853	2769	0	0	2	1
1854	2802	0	0	1	1
1855	2772	0	0	2	1
1856	2803	0	0	1	1
1857	2774	0	0	2	1
1858	2808	0	0	2	1
1859	2785	0	0	2	1
1860	2811	0	0	2	1
1861	2786	0	0	2	1
1862	2814	0	0	1	1
1863	2788	0	0	2	1
1864	2815	0	0	2	1
1865	2789	0	0	2	1
1866	2816	0	0	2	1
1867	2791	0	0	2	1
1868	2819	0	0	2	1
1869	2793	0	0	1	1
1871	2794	0	0	2	1
1872	2827	0	0	2	1
1873	2830	0	0	2	1
1875	2831	0	0	2	1
1876	2868	0	0	1	1
1877	2833	0	0	2	1
1878	2871	0	0	1	1
1879	2837	0	0	2	1
1880	2872	0	0	2	1
1881	2839	0	0	2	1
1882	2873	0	0	1	1
1884	2881	0	0	2	1
1885	2847	0	0	2	1
1886	2883	0	0	2	1
1887	2850	0	0	2	1
1888	2888	0	0	2	1
1889	2855	0	0	2	1
1890	2889	0	0	2	1
1891	2856	0	0	1	1
1892	2891	0	0	1	1
1893	2858	0	0	2	1
1894	2892	0	0	2	1
1896	2895	0	0	2	1
1897	RA1351	0	0	2	2
1898	RA1390	0	0	2	2
1899	RA1352	0	0	2	2
1900	RA1392	0	0	2	2
1901	RA1356	0	0	2	2
1902	RA1393	0	0	2	2
1903	RA1363	0	0	2	2
1904	RA1394	0	0	2	2
1905	RA1365	0	0	2	2
1906	RA1395	0	0	2	2
1907	RA1366	0	0	1	2
1908	RA1396	0	0	1	2
1909	RA1374	0	0	1	2
1910	RA1397	0	0	2	2
1911	RA1375	0	0	2	2
1912	RA1398	0	0	2	2
1913	RA1378	0	0	2	2
1914	RA1399	0	0	2	2
1915	RA1380	0	0	2	2
1916	RA1400	0	0	2	2
1917	RA1381	0	0	2	2
1918	RA1403	0	0	2	2
1919	RA1385	0	0	2	2
1920	RA1406	0	0	2	2
1921	846	0	0	2	1
1922	892	0	0	2	1
1923	847	0	0	2	1
1924	894	0	0	2	1
1925	848	0	0	2	1
1926	897	0	0	2	1
1927	849	0	0	2	1
1928	902	0	0	2	1
1929	850	0	0	2	1
1930	903	0	0	2	1
1931	853	0	0	2	1
1932	907	0	0	2	1
1933	862	0	0	2	1
1934	909	0	0	2	1
1935	869	0	0	2	1
1936	911	0	0	2	1
1937	877	0	0	2	1
1938	912	0	0	2	1
1939	878	0	0	2	1
1940	915	0	0	2	1
1941	884	0	0	2	1
1942	916	0	0	2	1
1943	887	0	0	2	1
1944	920	0	0	2	1
1945	2969	0	0	2	1
1946	3015	0	0	1	1
1947	2972	0	0	1	1
1948	3021	0	0	2	1
1949	2973	0	0	2	1
1950	3024	0	0	2	1
1951	2974	0	0	2	1
1952	3025	0	0	2	1
1953	2991	0	0	2	1
1954	3028	0	0	2	1
1955	3000	0	0	1	1
1956	3029	0	0	1	1
1957	3006	0	0	2	1
1958	3032	0	0	2	1
1959	3008	0	0	2	1
1960	3036	0	0	2	1
1961	3009	0	0	2	1
1962	3037	0	0	2	1
1963	3010	0	0	2	1
1964	3042	0	0	2	1
1965	3011	0	0	2	1
1966	3045	0	0	2	1
1967	3012	0	0	2	1
1968	3048	0	0	2	1
1969	RA152	0	0	2	2
1970	RA173	0	0	2	2
1971	RA153	0	0	2	2
1972	RA174	0	0	2	2
1973	RA158	0	0	2	2
1974	RA176	0	0	1	2
1975	RA159	0	0	2	2
1976	RA177	0	0	1	2
1977	RA161	0	0	1	2
1978	RA178	0	0	1	2
1979	RA163	0	0	2	2
1980	RA179	0	0	2	2
1981	RA166	0	0	2	2
1982	RA180	0	0	2	2
1983	RA168	0	0	2	2
1984	RA181	0	0	2	2
1985	RA169	0	0	1	2
1986	RA182	0	0	2	2
1987	RA170	0	0	2	2
1988	RA183	0	0	2	2
1989	RA171	0	0	2	2
1990	RA185	0	0	2	2
1991	RA172	0	0	2	2
1992	RA186	0	0	2	2
1993	2008	0	0	2	1
1994	2024	0	0	2	1
1995	2009	0	0	2	1
1996	2025	0	0	2	1
1997	2011	0	0	2	1
1998	2026	0	0	2	1
1999	2012	0	0	2	1
2000	2027	0	0	1	1
2001	2013	0	0	2	1
2002	2028	0	0	2	1
2003	2014	0	0	2	1
2004	2030	0	0	1	1
2005	2016	0	0	2	1
2006	2031	0	0	2	1
2007	2018	0	0	2	1
2008	2032	0	0	2	1
2009	2019	0	0	2	1
2010	2033	0	0	2	1
2011	2020	0	0	1	1
2012	2034	0	0	2	1
2013	2021	0	0	2	1
2014	2035	0	0	2	1
2015	2023	0	0	1	1
2016	2038	0	0	2	1
2017	1284	0	0	2	1
2018	1327	0	0	2	1
2019	1289	0	0	2	1
2020	1329	0	0	2	1
2021	1290	0	0	2	1
2022	1330	0	0	2	1
2023	1291	0	0	2	1
2024	1339	0	0	1	1
2026	1352	0	0	2	1
2027	1295	0	0	2	1
2028	1354	0	0	1	1
2029	1297	0	0	2	1
2030	1355	0	0	2	1
2031	1303	0	0	2	1
2032	1358	0	0	2	1
2034	1359	0	0	2	1
2035	1316	0	0	2	1
2036	1360	0	0	2	1
2037	1323	0	0	2	1
2038	1365	0	0	2	1
2039	1324	0	0	2	1
2040	1374	0	0	2	1
2041	2571	0	0	2	1
2042	2584	0	0	1	1
2043	2572	0	0	2	1
2044	2585	0	0	2	1
2045	2573	0	0	1	1
2046	2586	0	0	2	1
2047	2574	0	0	2	1
2048	2587	0	0	1	1
2049	2575	0	0	2	1
2050	2588	0	0	2	1
2051	2576	0	0	2	1
2052	2589	0	0	2	1
2053	2577	0	0	2	1
2054	2591	0	0	1	1
2055	2579	0	0	1	1
2056	2592	0	0	1	1
2057	2580	0	0	2	1
2058	2593	0	0	1	1
2059	2581	0	0	1	1
2060	2595	0	0	1	1
2061	2582	0	0	1	1
2062	2596	0	0	2	1
2063	2583	0	0	2	1
2064	2597	0	0	2	1
2065	RA1530	0	0	2	2
2066	RA1549	0	0	1	2
2067	RA1531	0	0	2	2
2068	RA1550	0	0	2	2
2069	RA1532	0	0	2	2
2070	RA1551	0	0	2	2
2071	RA1533	0	0	1	2
2072	RA1552	0	0	2	2
2073	RA1534	0	0	1	2
2074	RA1557	0	0	2	2
2075	RA1535	0	0	2	2
2076	RA1564	0	0	2	2
2077	RA1536	0	0	2	2
2078	RA1566	0	0	2	2
2079	RA1537	0	0	2	2
2080	RA1567	0	0	2	2
2081	RA1541	0	0	2	2
2082	RA1568	0	0	2	2
2083	RA1545	0	0	1	2
2084	RA1569	0	0	2	2
2085	RA1546	0	0	1	2
2086	RA1570	0	0	2	2
2087	RA1548	0	0	2	2
2088	RA1572	0	0	2	2
2089	2659	0	0	1	1
2090	2741	0	0	2	1
2091	2696	0	0	1	1
2092	2742	0	0	1	1
2093	2703	0	0	1	1
2094	2743	0	0	1	1
2095	2705	0	0	1	1
2097	2714	0	0	2	1
2098	2749	0	0	2	1
2099	2716	0	0	2	1
2100	2751	0	0	2	1
2101	2720	0	0	2	1
2102	2752	0	0	2	1
2103	2724	0	0	2	1
2104	2753	0	0	1	1
2105	2727	0	0	2	1
2106	2756	0	0	2	1
2107	2735	0	0	1	1
2108	2758	0	0	2	1
2109	2737	0	0	2	1
2110	2760	0	0	2	1
2111	2740	0	0	2	1
2112	2763	0	0	2	1
