   5     rs627817  0.0003332   0.006839          1          1     0.9278     0.9157    0.00565    0.05396 
   2   rs61732371  0.0006606    0.01026          1          1     0.9945     0.9923    0.01012     0.0966 
   7   rs62481978  0.0007432      0.011          1          1     0.9972     0.9958    0.01125     0.1074 
  21     rs234783   0.001163    0.01436          1          1     0.9999     0.9998    0.01614     0.1541 
   3    rs4676533   0.001168    0.01439          1          1     0.9999     0.9998    0.01618     0.1546 
   2    rs1982668   0.001725    0.01816          1          1          1          1    0.02216     0.2116 
   8   rs62514001    0.00206    0.02019          1          1          1          1    0.02546     0.2432 
  18    rs4578769   0.002395    0.02209          1          1          1          1    0.02857     0.2729 
  13    rs1283117   0.002691    0.02369          1          1          1          1    0.03098     0.2958 
   5     rs599946   0.002854    0.02454          1          1          1          1    0.03248     0.3102 
   2     rs934857   0.002976    0.02516          1          1          1          1    0.03344     0.3193 
  16   rs60185037    0.00314    0.02599          1          1          1          1    0.03483     0.3326 
   5     rs356453   0.003188    0.02622          1          1          1          1     0.0353     0.3372 
   5   rs13184992   0.003211    0.02634          1          1          1          1    0.03551     0.3392 
  17    rs9892590   0.003263    0.02659          1          1          1          1    0.03604     0.3442 
  11   rs11228565   0.003275    0.02665          1          1          1          1    0.03607     0.3445 
   9   rs10982990   0.003349    0.02701          1          1          1          1    0.03663     0.3499 
  13   rs12861167   0.003497    0.02772          1          1          1          1    0.03803     0.3632 
   1     rs471760   0.003628    0.02833          1          1          1          1    0.03892     0.3717 
   5    rs7731626   0.003715    0.02874          1          1          1          1    0.03962     0.3783 
   5   rs10042392   0.003831    0.02928          1          1          1          1    0.04045     0.3863 
   1    rs4845112   0.004012     0.0301          1          1          1          1    0.04202     0.4013 
   7   rs10227649   0.004062    0.03032          1          1          1          1    0.04243     0.4052 
  13    rs7325058   0.004158    0.03075          1          1          1          1    0.04309     0.4115 
  11   rs12576266   0.004293    0.03135          1          1          1          1    0.04398     0.4201 
  11   rs12281017   0.004471    0.03212          1          1          1          1    0.04532     0.4328 
   1   rs11119102   0.004697    0.03309          1          1          1          1    0.04665     0.4455 
   8    rs2733085   0.004768    0.03339          1          1          1          1    0.04724     0.4512 
   8    rs4527850   0.004788    0.03347          1          1          1          1    0.04735     0.4522 
   4   rs10517973   0.004801    0.03352          1          1          1          1    0.04735     0.4522 
   4   rs34908018   0.004803    0.03353          1          1          1          1    0.04735     0.4522 
   4   rs17838961   0.004803    0.03353          1          1          1          1    0.04735     0.4522 
   5     rs356452   0.004859    0.03377          1          1          1          1    0.04767     0.4553 
   4   rs35080710   0.004862    0.03378          1          1          1          1    0.04767     0.4553 
   4   rs10517970   0.004866     0.0338          1          1          1          1    0.04767     0.4553 
   4   rs35749355   0.004928    0.03406          1          1          1          1     0.0481     0.4594 
   5     rs600848   0.004957    0.03418          1          1          1          1    0.04832     0.4615 
   5   rs12717878   0.004976    0.03425          1          1          1          1    0.04844     0.4626 
   4   rs10517975   0.004989    0.03431          1          1          1          1    0.04847     0.4629 
   4   rs35028404   0.004991    0.03432          1          1          1          1    0.04847     0.4629 
   2   rs16866032   0.005172    0.03506          1          1          1          1    0.04967     0.4744 
  12    rs7135673   0.005188    0.03513          1          1          1          1    0.04971     0.4748 
   7   rs28590272   0.005347    0.03577          1          1          1          1    0.05099     0.4869 
   4   rs35980427    0.00545    0.03618          1          1          1          1    0.05172     0.4939 
   5   rs11749133   0.005507    0.03641          1          1          1          1    0.05207     0.4973 
  13    rs2391611   0.005532    0.03651          1          1          1          1    0.05225      0.499 
   5    rs4703342   0.005563    0.03663          1          1          1          1    0.05248     0.5012 
   7    rs7801961   0.005577    0.03668          1          1          1          1    0.05248     0.5012 
   5     rs356454    0.00569    0.03713          1          1          1          1    0.05323     0.5083 
  11   rs12805282   0.005756    0.03739          1          1          1          1    0.05365     0.5124 
  21    rs1893592   0.006206    0.03912          1          1          1          1    0.05724     0.5466 
   4   rs71615254   0.006253     0.0393          1          1          1          1    0.05754     0.5495 
   5     rs601728   0.006372    0.03975          1          1          1          1    0.05849     0.5586 
  18    rs1000929   0.006402    0.03986          1          1          1          1    0.05871     0.5606 
   1    rs1782414   0.006473    0.04013          1          1          1          1    0.05902     0.5636 
  13   rs78389176    0.00651    0.04027          1          1          1          1    0.05921     0.5655 
   4    rs1355435   0.006704    0.04099          1          1          1          1    0.06035     0.5763 
   4    rs6821181   0.006959    0.04192          1          1          1          1    0.06208     0.5929 
   4   rs10517969   0.007193    0.04277          1          1          1          1    0.06366      0.608 
   5    rs7724288   0.007201    0.04279          1          1          1          1    0.06367      0.608 
  18   rs12962334   0.007399     0.0435          1          1          1          1     0.0649     0.6198 
   2   rs10186447   0.007411    0.04354          1          1          1          1    0.06493     0.6201 
  21   rs10483028   0.007444    0.04366          1          1          1          1    0.06508     0.6215 
   4   rs72643164   0.008031    0.04571          1          1          1          1     0.0684     0.6532 
   8   rs12548270   0.008162    0.04616          1          1          1          1    0.06929     0.6617 
   4   rs72641615   0.008848    0.04846          1          1          1          1    0.07331     0.7001 
   2    rs4666767   0.008909    0.04866          1          1          1          1    0.07364     0.7033 
   4   rs56257983   0.008957    0.04882          1          1          1          1    0.07377     0.7045 
   5     rs601336   0.008963    0.04884          1          1          1          1    0.07377     0.7045 
  10    rs7070947   0.009026    0.04905          1          1          1          1    0.07399     0.7067 
  11   rs11024646   0.009059    0.04916          1          1          1          1    0.07409     0.7076 
   4   rs72641604   0.009066    0.04918          1          1          1          1    0.07409     0.7076 
   4   rs72643149   0.009066    0.04918          1          1          1          1    0.07409     0.7076 
   4   rs67327192   0.009134     0.0494          1          1          1          1    0.07449     0.7114 
  11    rs1793552   0.009233    0.04972          1          1          1          1    0.07499     0.7161
